-9000
-8850
-8700
-8550
-8400
-8250
-8100
-7950
-7800
-7650
-7500
-7350
-7200
-7050
-6900
-6750
-6600
-6450
-6300
-6150
-6000
-5850
-5700
-5550
-5400
-5250
-5100
-4950
-4800
-4650
-4500
-4350
-4200
-4050
-3900
-3750
-3600
-3450
-3300
-3150
-3000
-2850
-2700
-2550
-2400
-2250
-2100
-1950
-1800
-1650
-1500
-1350
-1200
-1050
-900
-750
-600
-450
-300
-150
0
150
300
450
600
750
900
1050
1200
1350
1500
1650
1800
1950
2100
2250
2400
2550
2700
2850
3000
3150
3300
3450
3600
3750
3900
4050
4200
4350
4500
4650
4800
4950
5100
5250
5400
5550
5700
5850
6000
6150
6300
6450
6600
6750
6900
7050
7200
7350
7500
7650
7800
7950
8100
8250
8400
8550
8700
8850
9000
